Table 2: Frequency tabulation of OpenSafely deaths (all causes) occurring up until latest date available by age and category of place of residence
	Total	0	1	2	3	.u
Age Group
18-<50	    2,660 (0.0)	    2,606 (0.0)	       12 (0.5)	       36 (3.0)	        [REDACTED]| 	        [REDACTED]| 
50-<55	    1,982 (0.1)	    1,934 (0.1)	       15 (2.3)	       30 (6.5)	       [REDACTED]| 	        [REDACTED]| 
55-<60	    3,054 (0.2)	    2,948 (0.2)	       19 (2.5)	       82 (10.6)	       [REDACTED]| 	       [REDACTED]| 
60-<65	    4,399 (0.4)	    4,218 (0.4)	       52 (5.6)	      122 (10.6)	        [REDACTED]|         [REDACTED]| 
65-<70	    6,207 (0.6)	    5,822 (0.6)	       96 (7.1)	      273 (16.2)	       [REDACTED]| 	        [REDACTED]| 
70-<75	   10,172 (1.0)	    9,164 (0.9)	      332 (11.3)	      632 (19.0)	       30 (16.9)	       14 (5.2)
75-<80	   13,195 (1.8)	   11,158 (1.5)	      728 (15.4)	    1,250 (24.3)	       44 (17.4)	       15 (8.5)
80-<85	   17,620 (3.3)	   13,876 (2.7)	    1,581 (18.3)	    2,039 (25.7)	       99 (22.5)	       25 (14.8)
85-<90	   20,351 (6.2)	   14,732 (4.8)	    2,595 (20.3)	    2,839 (27.4)	      141 (24.3)	       44 (29.9)
90-<95	   16,099 (11.0)	   10,493 (8.4)	    2,784 (22.9)	    2,699 (30.0)	       98 (21.3)	       25 (26.0)
95+	    7,760 (17.3)	    4,380 (13.3)	    1,752 (26.1)	    1,547 (32.8)	       72 (28.1)	        9 (30.0)
missing	        0 (0.0)	        0 (0.0)	        0 (0.0)	        0 (0.0)	        0 (0.0)	        0 (0.0)
